-0.00035
-0.00035
-0.00035
-0.00035
-0.00035
-0.00035
-0.00035
-0.00035
-0.00035
-0.00035
-0.00035
-0.00035
-0.00035
-0.00035
-0.00035
-0.00035
-0.00035
-0.00035
-0.00035
-0.00035
-0.00035
-0.00035
-0.00035
-0.00035
-0.00035
-0.00035
-0.00035
-0.00035
-0.00035
-0.00035
-0.00025
-0.00025
-0.00025
-0.00025
-0.00025
-0.00025
-0.00025
-0.00025
-0.00025
-0.00025
-0.00025
-0.00025
-0.00025
-0.00025
-0.00025
-0.00025
-0.00025
-0.00025
-0.00025
-0.00025
-0.00025
-0.00025
-0.00025
-0.00025
-0.00025
-0.00025
-0.00025
-0.00025
-0.00025
-0.00025
-0.00025
-0.00025
-0.00025
-0.00025
-0.00025
-0.00025
-0.00025
-0.00025
-0.00025
-0.00025
-0.00025
-0.00025
-0.00025
-0.00025
-0.00025
-0.00025
-0.00025
-0.00025
-0.00025
-0.0005
-0.0005
-0.0005
-0.0005
-0.0005
-0.0005
-0.0005
-0.0005
-0.0005
-0.0005
-0.0005
-0.0005
-0.0005
-0.0005
-0.0005
-0.0005
-0.0005
-0.0005
-0.0005
-0.0005
-0.0005
-0.0005
-0.0005
-0.0005
-0.0005
-0.0005
-0.0005
-0.0005
-0.0005
-0.0005
-0.0005
-0.0005
-0.0005
-0.0005
-0.0005
-0.0005
-0.00025
-0.00025
-0.00025
-0.00025
-0.00025
-0.00025
-0.00025
-0.00025
-0.00025
-0.00025
-0.00025
-0.00025
-0.00025
-0.00025
-0.00025
-0.00025
-0.00025
-0.00025
-0.00025
-0.00025
-0.00025
-0.00025
-0.00025
-0.00025
-0.00025
-0.00025
-0.00025
