0.0005
0.001
0.001
0.001
0.001
0.001
0.001
0.001
0.001
0.001
0.001
0.001
0.0005
-0.0005
-0.0005
-0.0005
-0.00075
-0.00075
-0.00075
-0.00075
-0.00075
-0.00075
-0.00075
-0.00075
-0.00075
-0.00075
-0.00075
-0.00075
-0.00075
-0.00075
-0.00075
-0.00075
0
0
0
0
0
0
0
0
0
0
0
0
0
0
0
0
0
0.0001
0.0001
0.0001
0.0001
0.0001
0.0001
0.0001
0.0001
0.0001
0.0001
0.0001
0.0001
0
0
0
0
0
0
0
0
0
0
0
0
0
0
0
0
0
0
0
0
0
0
0
0
0
0
0
0
0
0
0
0
0
0
0
0
0
0
0
0
0
0
0
0
0
0
0
0
0
0
0
0
0
0
0
0
0
0
0
0
0
0
0
0
0
0
0
0
0
0
0
0
0
0
0.0005
0.0005
0.0005
0.001
0.001
0.001
0.001
