0
0
0
0
0
0
0
0
0
0
0
0
0
0
0
0
0
0
0
0
0
0
0
0
0
0
0
0
0
0
0
0
0
0
0
0
0
0
0
0
0
0
0
0
0
0
0
0
0
0
0
0
0
0
0.00025
0.00025
0.00025
0.00025
0.00025
0.00025
0.00025
0.00025
0.00025
0.00025
0.00025
0.00025
0.00025
0.00025
0.00025
0.00025
0.00025
0.00025
0.00025
0.00025
0.00025
0.00025
0.0005
0.0005
0.0005
0.0005
0.0005
0.0005
0.0005
0.0005
0.0005
0.0005
0.0005
0.0005
0.0005
0.0005
0.0005
0.0005
0.0005
0.0005
0.001
0.001
0.001
0.001
0.001
-0.005
-0.005
-0.005
-0.005
-0.005
-0.005
-0.005
-0.005
-0.005
-0.005
-0.001
-0.001
-0.001
-0.001
-0.001
-0.001
-0.001
-0.001
-0.001
-0.001
-0.001
0
0
0
0
0
0
0
0
0
0
0
0
0
0
0
0
0
0
0
0
0
0
