0
0
0
0
0
0
0
0
0
0
0
0
0
0
0
0
0
0
0
0
0
0
0
0
0.0000005
0.0000005
0.0000005
0.0000005
0.0000005
0.0000005
0.0000005
0.0000005
0.0000005
0.0000005
0.0000005
0.0000005
0.0000005
0.0000005
0.0000005
0.0000005
0.0000005
0.0000005
0.0000005
0.0000005
0.0000005
0.0000005
0.0000005
0.0000005
0.0000005
0.0000005
0.0000005
0.0000005
0.0000005
0.0000005
0.0000005
0.0000005
0.0000005
0.0000005
0.0000005
0.0000005
0.0000005
0.0000005
0.0000005
0.0000005
0.0000005
0.0000005
0.0000005
0.0000005
0.0000005
0.0000005
0.0000005
0.0000005
0.0000005
0.0000005
0.0000005
0.0000005
0.00000075
0.00000075
0.00000075
0.00000075
0.00000075
0.00000075
0.00000075
0.00000075
0.000001
0.000001
0.000001
0.000001
0.000001
0.000001
0.000001
0.000001
0.000001
0.000001
0.000001
0.000001
0.000001
0.000001
0.000001
0.000001
0.000001
0.000001
0.000001
0.000001
0.000001
0.000001
0.000001
0.000001
0.000001
0.000001
0.000001
0.000001
0.000001
0.000001
0.000001
0.000001
0.000001
0.00000075
0.00000075
0.00000075
0.00000075
0.00000075
0.00000075
0.00000075
0.00000075
0.00000075
0.00000075
0.00000075
0.00000075
0.00000075
0.00000075
0.00000075
0.00000075
0.00000075
0.00000075
0.00000075
0.00000075
0.00000075
0.00000075
0.00000075
0.00000075
0.00000075
