0
0
0
0
0
-0.00000005
-0.00000005
-0.00000005
-0.00000005
-0.00000005
0.0000001
0.0000001
0.0000001
0.0000001
0.0000001
0.0000001
0.0000001
0.0000001
0.0000001
0.0000001
0.0000001
0.0000001
0.0000001
0.0000001
0.0000001
0.0000001
0.0000001
0.0000001
0.0000001
0.0000001
0.0000001
0.0000001
0.0000001
0.0000001
0.0000001
0.0000001
0.0000001
0.0000001
0.0000001
0.0000002
0.0000002
0.0000002
0.0000002
0.0000002
0.0000002
0.0000002
0.0000002
0.0000002
0.0000002
0.0000002
0.0000002
0.0000002
0.0000002
0.0000002
0.0000002
0.0000001
0.0000001
0.0000001
0.0000001
0.0000001
0.0000001
0.0000001
0.0000001
0.0000001
0.0000002
0.0000002
0.0000002
0.0000002
0.0000002
0.0000002
0.00000035
0.00000035
0.00000035
0.00000035
0.00000035
0.00000035
0.00000035
0.00000035
0.00000035
0.00000035
0.00000035
0.00000035
0.00000035
0.00000035
0.00000035
0.00000035
0.00000035
0.00000035
0.00000035
0.00000035
0.00000035
0.00000035
0.00000035
0.00000035
0.00000035
0.00000035
0.00000035
0.00000035
0.00000035
0.00000035
0.00000035
0.00000035
0.00000035
0.00000035
0.00000035
0.00000035
0.00000035
0.00000035
0.00000035
0.00000035
0.00000035
0.00000035
0.00000035
0.00000035
0.00000035
0.00000035
0.00000035
0.00000035
0.00000035
0.00000035
0.00000035
0.00000035
0.00000035
0.00000035
0.00000035
0.00000035
0.00000035
0.00000035
0.00000035
0.00000035
0.00000035
0.00000035
0.00000035
0.00000035
0.0000002
0
0
0
0
0
0
0
