0
0
0
0
0
0
0
0
0
0
0
0
0
0
0
0
0
0
0
0
0
0
0
0
0
0
0
0
0
0
0
0
0
0
0
0
0
0
0
0
0
0
0
0
0
0
0
0
0
0.0000005
0.0000005
0.0000005
0.0000005
0.0000005
0.0000005
0.0000005
0.0000005
0.0000005
0.0000005
0.0000005
0.0000005
0.0000005
0.0000005
0.0000005
0.0000005
0.0000005
0.0000005
0.0000005
0.0000005
0.0000005
0.0000005
0.0000005
0.0000005
0.0000005
0.0000005
0.0000005
0.0000005
0.0000005
0.0000005
0.0000005
0.0000005
0.0000005
0.0000005
0.0000005
0.0000008
0.0000008
0.0000008
0.0000008
0.0000008
0.0000008
0.0000008
0.0000008
0.0000008
0.0000008
0.0000008
0.0000008
0.0000008
0.0000008
0.0000008
0.0000008
0.0000008
0.0000008
0.0000008
0.0000008
0.0000008
0.0000008
0.0000005
0.0000005
0.0000005
0.0000005
0.0000005
0.0000005
0.0000005
0.0000005
0.0000005
0.0000005
0.0000005
0.0000005
0.0000005
0.0000005
0.0000005
0.0000005
0.0000005
0.0000005
0.0000005
0.0000005
0.0000005
0.0000005
0.0000005
0.0000005
0.0000005
0.0000005
0.0000005
0.0000005
0.0000005
0.0000005
0.0000005
0.0000005
0.0000005
0.0000005
0.0000005
0
