0
0
-0.000588158412715
-0.0011532548042
-0.001696193449243
-0.002217843165507
-0.00271903870383
-0.003200582084002
-0.003663243878164
-0.004107764443895
-0.004534855108935
-0.004945199309465
-0.005339453683753
-0.005718249122908
-0.006082191780447
-0.006431864042268
-0.00676782545859
-0.007090613639354
-0.007400745114516
-0.0076987161606
-0.007985003594851
-0.008260065538242
-0.008524342148564
-0.008778256324776
-0.009022214383732
-0.009256606710373
-0.009481808382428
-0.009698179770618
-0.009906067115326
-0.010105803080654
-0.010297707286761
-0.010482086821317
-0.010659236730914
-0.010829440493202
-0.010992970470512
-0.011150088345697
-0.011301045540876
-0.011446083619768
-0.011585434674243
-0.011719321695717
-0.011847958931989
-0.01197155223008
-0.012090299365637
-0.012204390359409
-0.012314007781328
-0.012419327042654
-0.012520516676676
-0.012617738608396
-0.012711148413647
-0.012800895568045
-0.012887123686184
-0.012969970751451
-0.013049569336824
-0.013126046817021
-0.013199525572328
-0.013270123184429
-0.013337952624565
-0.013403122434311
-0.013465736899267
-0.013525896215935
-0.013583696652056
-0.013639230700659
-0.01369258722807
-0.013743851616117
-0.013793105898757
-0.013840428893351
-0.013885896326785
-0.013929580956654
-0.013971552687686
-0.014011878683604
-0.014050623474605
-0.014087849060622
-0.014123615010533
-0.014157978557488
-0.014190994690495
-0.014222716242409
-0.014253193974482
-0.014282476657587
-0.014310611150264
-0.014337642473705
-0.014363613883792
-0.014388566940325
-0.014412541573515
-0.014435576147892
-0.014457707523689
-0.014478971115829
-0.014499400950595
-0.014519029720082
-0.014537888834509
-0.014556008472482
-0.014573417629287
-0.014590144163291
-0.014606214840515
-0.014621655377472
-0.014636490482315
-0.014650743894377
-0.014664438422158
-0.014677595979824
-0.014690237622274
-0.014702383578835
-0.014714053285626
-0.014725265416669
-0.014736037913766
-0.01474638801521
-0.014756332283371
-0.0147658866312
-0.014775066347693
-0.014783886122353
-0.014792360068703
-0.014800501746863
-0.014808324185257
-0.014815839901454
-0.01482999880268
-0.014843069115849
-0.014855134535587
-0.014866272321773
-0.014876553794265
-0.014886044789586
-0.014894806082511
-0.014902893775226
-0.014910359656575
-0.014917251533689
-0.01492361353811
-0.014929486408386
-0.014934907750939
-0.014939912280869
-0.014944532044253
-0.014952733326023
-0.014959721997346
-0.014965677350206
-0.014970752167157
-0.014975076640902
-0.014978761714345
-0.014981901926791
-0.014984577839322
-0.014986858101566
-0.014988801212874
-0.014990457023107
-0.014991868011512
-0.014993070376518
-0.01499409496439
-0.014994968060582
