-0.0005
-0.0005
-0.0005
-0.0005
-0.0005
-0.0005
-0.0005
-0.0005
-0.0005
-0.0005
-0.0005
-0.0005
-0.0005
-0.0005
-0.0005
-0.0005
-0.0005
-0.0005
-0.0005
-0.0005
-0.0005
-0.0005
-0.0005
-0.0005
-0.0005
-0.0005
-0.0005
-0.0005
-0.0005
-0.0005
-0.0005
-0.0005
-0.0005
-0.0005
-0.0005
-0.0005
-0.0005
-0.0005
-0.0005
-0.0005
-0.0005
-0.0005
-0.0005
-0.0005
-0.0005
-0.0005
-0.0005
-0.0005
-0.0005
-0.0005
-0.0005
-0.0005
-0.0005
-0.0005
-0.0005
-0.0005
-0.0005
-0.0005
-0.0005
-0.0005
-0.0005
-0.0005
-0.0005
-0.0005
-0.0005
-0.0005
-0.0005
-0.0005
-0.0005
-0.0005
-0.0005
-0.0005
-0.0005
-0.0005
-0.0005
-0.0005
-0.0005
-0.0005
-0.0005
-0.0005
-0.0005
-0.0005
-0.0005
-0.0005
-0.0005
-0.0005
-0.0005
-0.0005
-0.0005
-0.0005
-0.0005
-0.0005
-0.0005
-0.0005
-0.0005
-0.0005
-0.0005
-0.0005
-0.0005
-0.0005
-0.0005
-0.0005
-0.0005
-0.0005
-0.0005
-0.0005
-0.0005
-0.0005
-0.0005
-0.0005
-0.0005
-0.0005
-0.0005
-0.0005
-0.0005
-0.0005
-0.0005
-0.0005
-0.0005
-0.0005
-0.0005
0
0
0
0
0
0
0
0
0
0
0
0
0.00075
0.00075
0.00075
0.00075
0.00075
0.00075
0.00075
0.00075
0.00075
