-0.00000025
-0.00000025
-0.00000025
-0.00000025
-0.00000025
-0.00000025
-0.00000025
-0.00000025
-0.00000025
-0.00000025
-0.00000025
-0.00000025
-0.00000025
-0.00000025
-0.0000001
0.0000005
0.0000005
0.0000005
0.0000005
0.0000005
0.0000005
0.0000005
0.0000005
0.0000005
0.0000005
0
0
0
0
0
0
0
0
0
0
0
0
0
0
0
0
0
0
0
0
0
0
0
0
0
0
0
0
0
0
0
0
0
0
0
0
0
0
0
0
0
0
0
0
0
0
0
0
0
0
0
0
0
0
0
0
0
0
0
0
0
0
0
0
0
0
0
0
0
0
0
0
0
0
0
0
0
0
0
0
0
0
0
0
0
0
0
0
0
0
0
0
0
0
0
0.0000005
0.0000005
0.00000075
0.00000075
0.00000075
0.00000075
0.00000075
0.00000075
0.00000075
0.00000075
0.00000075
0.0000005
0
0
0
0
0
0
-0.0000005
-0.0000005
-0.0000005
-0.0000005
