0
0
0
0
-0.00000025
-0.00000025
-0.00000025
-0.00000025
-0.00000025
-0.00000025
0
0
0
0
0
0
0
0
0.0000001
0.0000001
0.0000001
0.0000001
0.0000001
0.0000001
0.0000001
0.0000001
0.0000001
0.0000001
0.0000001
0.0000001
0.0000001
0.0000001
0.0000001
0.0000001
0.0000001
0.0000001
0.0000001
0.0000001
0.0000001
0.0000002
0.0000002
0.0000002
0.0000002
0.0000002
0.0000002
0.0000002
0.0000002
0.0000002
0.0000002
0.0000002
0.0000002
0.0000002
0.0000002
0.0000002
0.0000002
0.0000002
0.0000002
0.0000002
0.0000002
0.0000002
0.0000002
0.0000002
0.0000002
0.0000002
0.0000002
0.0000002
0.0000002
0.0000002
0.0000002
0.0000002
0.0000002
0.0000002
0.0000002
0.0000002
0.0000002
0.0000002
0.0000002
0.0000002
0.0000001
0
0
0
0
0
0
0
0
0
0
0
0
0
0
0
0
0
0
0
0
0
0
0
0
0
0
0
0
0
0
0
0
0
0
0
0
0
0
0
0
0
0
0
0
0
0
0
0
0
0
0
0
0
0
0
0
0
-0.0000005
-0.0000005
-0.0000005
-0.0000005
-0.0000005
-0.0000005
