0.000000025
0.000000025
0.000000025
0.000000025
0.000000025
0.000000025
0.000000025
0.000000025
0.000000025
0.000000025
0.000000025
0.000000025
0.000000025
0.000000025
0.0000001
0.0000001
0.0000001
0.0000001
0.0000001
0.0000001
0.0000001
0.000000025
0.000000025
0.000000025
0.000000025
0.000000025
0.000000025
0.000000025
0.000000025
0.000000025
0.000000025
0.000000025
0.000000025
0.000000025
0.000000025
0.000000025
0.000000025
0.000000025
0.000000025
0.000000025
0.000000025
0.000000025
0.000000025
0.000000025
0
0
0
0
0
0
0
0
0.000000025
0.000000025
0.000000025
0.000000025
0.000000025
0.000000025
0.000000025
0.000000025
0.000000025
0.000000025
0.000000025
0.000000025
0.000000025
0.000000025
0.000000025
0.000000025
0.000000025
0.00000005
0.00000005
0.00000005
0.00000005
0.00000005
-0.00000025
-0.00000025
-0.00000025
-0.00000025
-0.00000025
-0.0000003
-0.0000003
-0.0000003
-0.0000003
-0.0000003
-0.0000003
0.00000005
0.00000005
0.00000005
0.00000005
0.00000005
0.00000005
0.00000005
0.00000005
0.00000005
0.00000005
0.00000005
0.00000005
0.00000005
0.00000005
0.00000005
0.00000005
0.00000005
0
0
0
0
0
0
0
0
0
0
0
0
0
0
0
0
0
0
0
0
0
0
0
0
0
0
0
0
0
0
0
0
0
0
0
0
0
0
0
0
